Main.FootPosModel.Right.Foot.Toe.sRelEdit = {0.2487345, 0.02890321, 0.01893987};
Main.FootPosModel.Right.Foot.MidfootLateral.sRelEdit = {0.1566106, -0.00255456, 0.0839385};
Main.FootPosModel.Left.Foot.Toe.sRelEdit = {0.2520575, 0.02890321, -0.01719058};
Main.FootPosModel.Left.Foot.MidfootLateral.sRelEdit = {0.1506969, -0.00255456, -0.07932994};
