Main.FootPosModel.Right.Foot.Heel.sRelEdit = {-0.02553443, 0.01665293, 0.02191044};
Main.FootPosModel.Right.Foot.Toe.sRelEdit = {0.2313444, 0.03346855, 0.01687784};
Main.FootPosModel.Right.Foot.MidfootLateral.sRelEdit = {0.1471157, 0.001471782, 0.08389575};
Main.FootPosModel.Left.Foot.Heel.sRelEdit = {-0.02960635, 0.01570824, -0.02073461};
Main.FootPosModel.Left.Foot.Toe.sRelEdit = {0.232987, 0.02383148, -0.0200141};
Main.FootPosModel.Left.Foot.MidfootLateral.sRelEdit = {0.1376035, 0.0008002105, -0.08505466};
